# /mnt/nfsData/Media/Youtube/UCbRP3c757lWg9M-U7TyEkXA/d5x0JCZbAJs.mp4
start=31.665000
volume=75.000000
